0.000 6.300 -1.40
0.025 6.300 -3.30
0.050 6.300 -1.70
0.075 6.300 -1.70
0.100 6.300 -2.30
0.125 6.300 -1.10
0.150 6.300 -3.20
0.175 6.300 -2.30
0.200 6.300 -1.90
0.225 6.300 -2.70
0.250 6.300 -3.20
0.275 6.300 -2.70
0.300 6.300 -2.40
0.325 6.300 -2.10
0.350 6.300 -2.70
0.375 6.300 -2.30
0.400 6.300 -2.10
0.425 6.300 -2.00
0.450 6.300 -1.60
0.475 6.300 -1.20
0.500 6.300 -1.80
0.525 6.300 -1.50
0.550 6.300 -3.00
0.575 6.300 -1.80
0.600 6.300 -2.00
0.625 6.300 -2.70
0.650 6.300 -1.50
0.675 6.300 -2.60
0.700 6.300 -1.90
0.725 6.300 -3.40
0.750 6.300 -1.50
0.775 6.300 -2.00
0.800 6.300 -2.70
0.825 6.300 -1.80
0.850 6.300 -2.10
0.875 6.300 -2.60
0.900 6.300 -1.80
0.925 6.300 -1.70
0.950 6.300 -1.40
0.975 6.300 -2.80
1.000 6.300 -1.80
1.025 6.300 -2.70
1.050 6.300 -2.20
1.075 6.300 -1.50
1.100 6.300 -2.40
1.125 6.300 -1.30
1.150 6.300 -2.00
1.175 6.300 -2.00
1.200 6.300 -1.70
1.225 6.300 -0.60
1.250 6.300 -2.00
1.275 6.300 -1.40
1.300 6.300 -1.30
1.325 6.300 -0.70
1.350 6.300 -0.80
1.375 6.300 -0.90
1.400 6.300 -0.50
1.425 6.300 0.20
1.450 6.300 0.60
1.475 6.300 0.10
1.500 6.300 0.80
1.525 6.300 0.90
1.550 6.300 0.50
1.575 6.300 1.30
1.600 6.300 2.70
1.625 6.300 2.80
1.650 6.300 3.70
1.675 6.300 3.60
1.700 6.300 4.80
1.725 6.300 4.60
1.750 6.300 4.20
1.775 6.300 5.40
1.800 6.300 5.80
1.825 6.300 7.70
1.850 6.300 7.00
1.875 6.300 8.00
1.900 6.300 8.80
1.925 6.300 8.80
1.950 6.300 8.70
1.975 6.300 9.00
2.000 6.300 10.50
2.025 6.300 11.00
2.050 6.300 10.90
2.075 6.300 12.40
2.100 6.300 13.20
2.125 6.300 12.80
2.150 6.300 13.30
2.175 6.300 14.20
2.200 6.300 14.20
2.225 6.300 15.50
2.250 6.300 16.20
2.275 6.300 17.40
2.300 6.300 18.30
2.325 6.300 17.90
2.350 6.300 19.70
2.375 6.300 20.80
2.400 6.300 20.80
2.425 6.300 21.70
2.450 6.300 21.90
2.475 6.300 22.60
2.500 6.300 24.30
2.525 6.300 24.90
2.550 6.300 25.80
2.575 6.300 27.00
2.600 6.300 27.00
2.625 6.300 29.30
2.650 6.300 29.70
2.675 6.300 30.00
2.700 6.300 30.60
2.725 6.300 32.10
2.750 6.300 33.40
2.775 6.300 33.50
2.800 6.300 34.20
2.825 6.300 35.60
2.850 6.300 36.30
2.875 6.300 37.30
2.900 6.300 38.30
2.925 6.300 38.90
2.950 6.300 39.50
2.975 6.300 39.90
3.000 6.300 40.20
3.025 6.300 41.50
3.050 6.300 41.70
3.075 6.300 41.70
3.100 6.300 43.80
3.125 6.300 44.50
3.150 6.300 45.70
3.175 6.300 46.30
3.200 6.300 47.00
3.225 6.300 48.10
3.250 6.300 47.90
3.275 6.300 48.20
3.300 6.300 50.50
3.325 6.300 51.00
3.350 6.300 51.50
3.375 6.300 52.30
3.400 6.300 52.80
3.425 6.300 53.60
3.450 6.300 54.90
3.475 6.300 55.10
3.500 6.300 56.50
3.525 6.300 56.30
3.550 6.300 57.80
3.575 6.300 57.70
3.600 6.300 58.90
3.625 6.300 59.90
3.650 5.700 60.20
3.675 5.700 60.10
3.700 5.700 61.80
3.725 5.700 62.00
3.750 5.700 62.80
3.775 5.700 63.50
3.800 5.700 64.30
3.825 5.700 64.30
3.850 5.700 64.60
3.875 5.700 65.00
3.900 5.700 65.70
3.925 5.700 66.80
3.950 5.700 66.90
3.975 5.700 67.40
4.000 5.700 67.80
4.025 5.700 69.00
4.050 5.700 69.00
4.075 5.700 69.20
4.100 5.700 70.40
4.125 5.700 70.10
4.150 5.700 70.80
4.175 5.700 70.60
4.200 5.700 71.90
4.225 5.700 72.30
4.250 5.700 72.10
4.275 5.700 72.60
4.300 5.700 73.50
4.325 5.700 72.90
4.350 5.700 73.70
4.375 5.700 74.20
4.400 5.700 73.50
4.425 5.700 74.30
4.450 5.700 75.10
4.475 5.700 74.40
4.500 5.700 75.30
4.525 5.700 74.90
4.550 5.700 75.50
4.575 5.700 75.20
4.600 5.700 75.40
4.625 5.700 75.00
4.650 5.700 75.00
4.675 5.700 75.10
4.700 5.700 74.10
4.725 5.700 74.50
4.750 5.700 74.80
4.775 5.700 74.70
4.800 5.700 75.10
4.825 5.700 74.50
4.850 5.700 74.20
4.875 5.700 74.00
4.900 5.700 73.90
4.925 5.700 74.20
4.950 5.700 74.50
4.975 5.700 73.70
5.000 5.700 73.20
5.025 5.700 73.20
5.050 5.700 72.90
5.075 5.700 72.90
5.100 5.700 72.50
5.125 5.700 72.50
5.150 5.700 72.10
5.175 5.700 71.80
5.200 5.700 71.80
5.225 5.700 71.20
5.250 5.700 71.00
5.275 5.700 70.60
5.300 5.700 70.40
5.325 5.700 70.50
5.350 5.700 69.80
5.375 5.700 69.20
5.400 5.700 68.90
5.425 5.700 68.50
5.450 5.700 68.20
5.475 5.700 67.70
5.500 5.700 67.10
5.525 5.700 67.90
5.550 5.700 66.20
5.575 5.700 66.50
5.600 5.700 65.30
5.625 5.700 65.10
5.650 5.700 65.40
5.675 5.700 64.60
5.700 5.700 64.30
5.725 5.700 63.60
5.750 5.700 63.60
5.775 5.700 63.20
5.800 5.700 62.50
5.825 5.700 62.70
5.850 5.700 62.40
5.875 5.700 62.00
5.900 5.700 61.40
5.925 5.700 60.40
5.950 5.700 59.70
5.975 5.700 59.30
6.000 5.700 59.00
6.025 5.700 58.20
6.050 5.700 58.30
6.075 5.700 57.30
6.100 5.700 57.20
6.125 5.700 55.80
6.150 5.700 55.70
6.175 5.700 54.70
6.200 5.700 54.80
6.225 5.700 54.30
6.250 5.700 53.80
6.275 5.700 52.50
6.300 5.700 51.80
6.325 5.700 51.10
6.350 5.700 51.20
6.375 5.700 49.70
6.400 5.700 49.40
6.425 5.700 48.80
6.450 5.700 48.00
6.475 5.700 47.10
6.500 5.700 47.40
6.525 5.700 45.40
6.550 5.700 45.20
6.575 5.700 45.20
6.600 5.700 43.90
6.625 5.700 41.10
6.650 5.700 41.80
6.675 5.700 41.90
6.700 5.700 40.60
6.725 5.700 40.30
6.750 5.700 40.00
6.775 5.700 40.10
6.800 6.300 38.60
6.825 6.300 37.70
6.850 6.300 36.40
6.875 6.300 36.10
6.900 6.300 35.50
6.925 6.300 34.90
6.950 6.300 33.80
6.975 6.300 34.50
7.000 6.300 33.00
7.025 6.300 31.20
7.050 6.300 32.00
7.075 6.300 31.40
7.100 6.300 30.90
7.125 6.300 29.80
7.150 6.300 29.90
7.175 6.300 28.90
7.200 6.300 28.50
7.225 6.300 28.30
7.250 6.300 28.10
7.275 6.300 27.60
7.300 6.300 27.20
7.325 6.300 28.10
7.350 6.300 27.90
7.375 6.300 27.20
7.400 6.300 28.10
7.425 6.300 27.70
7.450 6.300 27.00
7.475 6.300 27.50
7.500 6.300 27.40
7.525 6.300 28.30
7.550 6.300 27.60
7.575 6.300 28.10
7.600 6.300 28.40
7.625 6.300 28.50
7.650 6.300 30.10
7.675 6.300 29.20
7.700 6.300 29.00
7.725 6.300 30.00
7.750 6.300 29.30
7.775 6.300 30.90
7.800 6.300 30.50
7.825 6.300 31.70
7.850 6.300 32.70
7.875 6.300 32.80
7.900 6.300 32.50
7.925 6.300 33.80
7.950 6.300 33.90
7.975 6.300 34.90
8.000 6.300 35.00
8.025 6.300 35.70
8.050 6.300 36.70
8.075 6.300 37.40
8.100 6.300 37.50
8.125 6.300 37.40
8.150 6.300 38.60
8.175 6.300 38.80
8.200 6.300 40.30
8.225 6.300 40.90
8.250 6.300 40.30
8.275 6.300 42.10
8.300 6.300 42.40
8.325 6.300 42.10
8.350 6.300 43.00
8.375 6.300 44.70
8.400 6.300 45.20
8.425 6.300 46.60
8.450 6.300 47.00
8.475 6.300 46.30
8.500 6.300 47.90
8.525 6.300 48.60
8.550 6.300 49.00
8.575 6.300 49.60
8.600 6.300 51.10
8.625 6.300 50.50
8.650 6.300 51.80
8.675 6.300 51.80
8.700 6.300 52.90
8.725 6.300 54.00
8.750 6.300 54.60
8.775 6.300 56.60
8.800 6.300 55.90
8.825 6.300 56.60
8.850 6.300 57.90
8.875 6.300 58.40
8.900 6.300 58.70
8.925 6.300 59.10
8.950 5.700 60.60
8.975 5.700 61.00
9.000 5.700 61.40
9.025 5.700 61.90
9.050 5.700 63.10
9.075 5.700 64.00
9.100 5.700 64.10
9.125 5.700 65.10
9.150 5.700 65.40
9.175 5.700 66.40
9.200 5.700 66.60
9.225 5.700 67.60
9.250 5.700 68.20
9.275 5.700 68.60
9.300 5.700 69.30
9.325 5.700 69.30
9.350 5.700 70.20
9.375 5.700 70.40
9.400 5.700 71.10
9.425 5.700 70.80
9.450 5.700 71.90
9.475 5.700 71.90
9.500 5.700 72.30
9.525 5.700 73.00
9.550 5.700 73.10
9.575 5.700 73.90
9.600 5.700 73.80
9.625 5.700 73.60
9.650 5.700 74.00
9.675 5.700 74.40
9.700 5.700 75.00
9.725 5.700 74.50
9.750 5.700 75.00
9.775 5.700 75.20
9.800 5.700 75.40
9.825 5.700 75.30
9.850 5.700 75.50
9.875 5.700 75.70
9.900 5.700 76.40
9.925 5.700 74.80
9.950 5.700 75.70
9.975 5.700 75.30
10.000 5.700 74.60
10.025 5.700 75.20
10.050 5.700 76.00
10.075 5.700 75.60
10.100 5.700 75.00
10.125 5.700 75.20
10.150 5.700 74.60
10.175 5.700 74.80
10.200 5.700 74.50
10.225 5.700 73.40
10.250 5.700 73.60
10.275 5.700 73.90
10.300 5.700 73.10
10.325 5.700 72.60
10.350 5.700 73.20
10.375 5.700 72.70
10.400 5.700 72.30
10.425 5.700 71.80
10.450 5.700 71.20
10.475 5.700 71.40
10.500 5.700 70.60
10.525 5.700 70.80
10.550 5.700 70.30
10.575 5.700 69.20
10.600 5.700 70.00
10.625 5.700 69.70
10.650 5.700 69.20
10.675 5.700 68.40
10.700 5.700 67.70
10.725 5.700 67.40
10.750 5.700 67.50
10.775 5.700 66.40
10.800 5.700 66.90
10.825 5.700 65.90
10.850 5.700 65.30
10.875 5.700 65.10
10.900 5.700 64.40
10.925 5.700 64.20
10.950 5.700 63.80
10.975 5.700 63.60
11.000 5.700 63.30
11.025 5.700 62.80
11.050 5.700 61.30
11.075 5.700 61.70
11.100 5.700 60.10
11.125 5.700 60.80
11.150 5.700 59.40
11.175 5.700 59.10
11.200 5.700 59.30
11.225 5.700 58.40
11.250 5.700 58.00
11.275 5.700 58.00
11.300 5.700 56.00
11.325 5.700 55.90
11.350 5.700 55.40
11.375 5.700 55.10
11.400 5.700 54.70
11.425 5.700 53.90
11.450 5.700 53.10
11.475 5.700 53.30
11.500 5.700 52.40
11.525 5.700 51.10
11.550 5.700 50.00
11.575 5.700 50.30
11.600 5.700 49.60
11.625 5.700 49.30
11.650 5.700 48.50
11.675 5.700 47.90
11.700 5.700 47.70
11.725 5.700 48.10
11.750 5.700 45.90
11.775 5.700 46.30
11.800 5.700 45.50
11.825 5.700 44.50
11.850 5.700 44.10
11.875 5.700 42.20
11.900 5.700 42.30
11.925 5.700 42.70
11.950 5.700 40.70
11.975 5.700 40.40
12.000 6.300 39.70
12.025 6.300 39.00
12.050 6.300 38.90
12.075 6.300 37.20
12.100 6.300 37.80
12.125 6.300 36.60
12.150 6.300 35.90
12.175 6.300 34.90
12.200 6.300 34.90
12.225 6.300 34.00
12.250 6.300 32.60
12.275 6.300 33.20
12.300 6.300 32.70
12.325 6.300 31.90
12.350 6.300 31.60
12.375 6.300 32.00
12.400 6.300 30.80
12.425 6.300 29.90
12.450 6.300 30.00
12.475 6.300 30.00
12.500 6.300 29.60
12.525 6.300 29.90
12.550 6.300 29.60
12.575 6.300 28.10
12.600 6.300 29.40
12.625 6.300 29.00
12.650 6.300 29.00
12.675 6.300 29.50
12.700 6.300 28.50
12.725 6.300 29.50
12.750 6.300 30.20
12.775 6.300 29.70
12.800 6.300 29.90
12.825 6.300 30.60
12.850 6.300 30.20
12.875 6.300 30.80
12.900 6.300 31.70
12.925 6.300 30.50
12.950 6.300 31.70
12.975 6.300 31.20
13.000 6.300 31.70
13.025 6.300 32.60
13.050 6.300 33.40
13.075 6.300 33.80
13.100 6.300 34.50
13.125 6.300 34.40
13.150 6.300 34.20
13.175 6.300 35.20
13.200 6.300 35.60
13.225 6.300 36.00
13.250 6.300 36.40
13.275 6.300 37.60
13.300 6.300 37.90
13.325 6.300 37.60
13.350 6.300 38.80
13.375 6.300 39.20
13.400 6.300 39.90
13.425 6.300 40.30
13.450 6.300 41.10
13.475 6.300 42.30
13.500 6.300 42.20
13.525 6.300 42.20
13.550 6.300 42.50
13.575 6.300 44.60
13.600 6.300 45.60
13.625 6.300 46.10
13.650 6.300 45.70
13.675 6.300 47.00
13.700 6.300 46.90
13.725 6.300 47.90
13.750 6.300 48.70
13.775 6.300 49.30
13.800 6.300 50.00
13.825 6.300 50.70
13.850 6.300 51.10
13.875 6.300 52.60
13.900 6.300 53.00
13.925 6.300 53.30
13.950 6.300 55.20
13.975 6.300 55.20
14.000 6.300 55.10
14.025 6.300 56.80
14.050 6.300 57.10
14.075 6.300 57.30
14.100 6.300 59.20
14.125 6.300 59.30
14.150 5.700 60.10
14.175 5.700 60.30
14.200 5.700 61.50
14.225 5.700 62.30
14.250 5.700 62.10
14.275 5.700 63.30
14.300 5.700 64.30
14.325 5.700 64.60
14.350 5.700 65.50
14.375 5.700 65.70
14.400 5.700 66.70
14.425 5.700 66.50
14.450 5.700 67.10
14.475 5.700 68.10
14.500 5.700 68.30
14.525 5.700 68.70
14.550 5.700 69.60
14.575 5.700 69.90
14.600 5.700 70.40
14.625 5.700 70.30
14.650 5.700 71.00
14.675 5.700 71.20
14.700 5.700 71.10
14.725 5.700 72.50
14.750 5.700 72.00
14.775 5.700 72.60
14.800 5.700 72.70
14.825 5.700 72.50
14.850 5.700 72.30
14.875 5.700 72.50
14.900 5.700 73.00
14.925 5.700 73.00
14.950 5.700 73.10
14.975 5.700 73.40
15.000 5.700 73.70
15.025 5.700 73.50
15.050 5.700 73.70
15.075 5.700 74.10
15.100 5.700 73.00
15.125 5.700 73.30
15.150 5.700 73.50
15.175 5.700 73.70
15.200 5.700 74.10
15.225 5.700 73.40
15.250 5.700 73.30
15.275 5.700 73.60
15.300 5.700 73.70
15.325 5.700 72.90
15.350 5.700 73.20
15.375 5.700 73.30
15.400 5.700 73.20
15.425 5.700 72.90
15.450 5.700 72.80
15.475 5.700 73.10
15.500 5.700 72.80
15.525 5.700 72.40
15.550 5.700 72.60
15.575 5.700 71.60
15.600 5.700 71.50
15.625 5.700 71.40
15.650 5.700 70.60
15.675 5.700 70.70
15.700 5.700 70.60
15.725 5.700 69.90
15.750 5.700 69.60
15.775 5.700 69.70
15.800 5.700 69.30
15.825 5.700 69.20
15.850 5.700 68.20
15.875 5.700 67.70
15.900 5.700 67.70
15.925 5.700 67.50
15.950 5.700 66.70
15.975 5.700 66.60
16.000 5.700 65.90
16.025 5.700 66.10
16.050 5.700 65.00
16.075 5.700 64.30
16.100 5.700 64.80
16.125 5.700 63.80
16.150 5.700 63.70
16.175 5.700 63.30
16.200 5.700 63.30
16.225 5.700 62.90
16.250 5.700 62.10
16.275 5.700 61.20
16.300 5.700 61.20
16.325 5.700 60.40
16.350 5.700 60.20
16.375 5.700 60.10
16.400 5.700 59.20
16.425 5.700 58.60
16.450 5.700 57.40
16.475 5.700 57.30
16.500 5.700 57.30
16.525 5.700 56.10
16.550 5.700 56.10
16.575 5.700 55.40
16.600 5.700 55.20
16.625 5.700 54.10
16.650 5.700 53.40
16.675 5.700 53.50
16.700 5.700 52.30
16.725 5.700 51.20
16.750 5.700 50.90
16.775 5.700 50.40
16.800 5.700 49.70
16.825 5.700 49.00
16.850 5.700 48.90
16.875 5.700 49.10
16.900 5.700 48.00
16.925 5.700 46.80
16.950 5.700 47.30
16.975 5.700 46.10
17.000 5.700 45.50
17.025 5.700 44.60
17.050 5.700 44.70
17.075 5.700 42.60
17.100 5.700 42.30
17.125 5.700 42.80
17.150 5.700 42.30
17.175 5.700 41.10
17.200 5.700 40.40
17.225 5.700 40.80
17.250 6.300 39.20
17.275 6.300 39.20
17.300 6.300 37.90
17.325 6.300 37.60
17.350 6.300 37.80
17.375 6.300 35.90
17.400 6.300 35.40
17.425 6.300 35.20
17.450 6.300 34.10
17.475 6.300 33.30
17.500 6.300 33.60
17.525 6.300 32.20
17.550 6.300 31.60
17.575 6.300 31.70
17.600 6.300 31.00
17.625 6.300 31.00
17.650 6.300 30.60
17.675 6.300 30.20
17.700 6.300 29.30
17.725 6.300 29.50
17.750 6.300 29.70
17.775 6.300 29.70
17.800 6.300 29.50
17.825 6.300 28.60
17.850 6.300 29.80
17.875 6.300 29.20
17.900 6.300 30.10
17.925 6.300 29.50
17.950 6.300 29.50
17.975 6.300 30.20
18.000 6.300 28.50
18.025 6.300 28.90
18.050 6.300 30.10
18.075 6.300 30.70
18.100 6.300 29.60
18.125 6.300 30.50
18.150 6.300 31.20
18.175 6.300 31.00
18.200 6.300 30.70
18.225 6.300 31.70
18.250 6.300 31.30
18.275 6.300 32.00
18.300 6.300 32.50
18.325 6.300 32.10
18.350 6.300 33.20
18.375 6.300 34.10
18.400 6.300 35.20
18.425 6.300 34.00
18.450 6.300 33.10
18.475 6.300 34.80
18.500 6.300 35.00
18.525 6.300 35.50
18.550 6.300 36.20
18.575 6.300 36.20
18.600 6.300 37.00
18.625 6.300 37.00
18.650 6.300 37.70
18.675 6.300 37.70
18.700 6.300 38.00
18.725 6.300 39.50
18.750 6.300 39.10
18.775 6.300 40.00
18.800 6.300 39.60
18.825 6.300 39.50
18.850 6.300 40.90
18.875 6.300 41.90
18.900 6.300 41.90
18.925 6.300 42.40
18.950 6.300 42.00
18.975 6.300 44.40
19.000 6.300 45.20
19.025 6.300 45.40
19.050 6.300 46.30
19.075 6.300 46.70
19.100 6.300 47.60
19.125 6.300 48.40
19.150 6.300 48.20
19.175 6.300 49.00
19.200 6.300 49.90
19.225 6.300 50.40
19.250 6.300 51.80
19.275 6.300 52.00
19.300 6.300 53.50
19.325 6.300 53.30
19.350 6.300 54.10
19.375 6.300 55.70
19.400 6.300 56.00
19.425 6.300 56.90
19.450 6.300 57.90
19.475 6.300 58.40
19.500 6.300 58.80
19.525 6.300 59.70
19.550 5.700 60.20
19.575 5.700 61.50
19.600 5.700 61.70
19.625 5.700 62.10
19.650 5.700 63.50
19.675 5.700 64.10
19.700 5.700 64.90
19.725 5.700 65.30
19.750 5.700 65.50
19.775 5.700 66.80
19.800 5.700 66.90
19.825 5.700 68.00
19.850 5.700 68.40
19.875 5.700 68.50
19.900 5.700 69.60
19.925 5.700 70.20
19.950 5.700 70.70
19.975 5.700 71.80
20.000 5.700 71.60
20.025 5.700 71.90
20.050 5.700 73.10
20.075 5.700 72.70
20.100 5.700 73.50
20.125 5.700 73.60
20.150 5.700 74.40
20.175 5.700 74.40
20.200 5.700 74.80
20.225 5.700 75.10
20.250 5.700 75.10
20.275 5.700 75.50
20.300 5.700 75.70
20.325 5.700 75.90
20.350 5.700 75.90
20.375 5.700 76.20
20.400 5.700 76.40
20.425 5.700 76.10
20.450 5.700 76.10
20.475 5.700 76.00
20.500 5.700 76.10
20.525 5.700 76.00
20.550 5.700 76.00
20.575 5.700 76.20
20.600 5.700 75.90
20.625 5.700 75.80
20.650 5.700 75.60
20.675 5.700 75.00
20.700 5.700 75.20
20.725 5.700 75.90
20.750 5.700 75.60
20.775 5.700 74.70
20.800 5.700 74.40
20.825 5.700 74.70
20.850 5.700 74.30
20.875 5.700 74.30
20.900 5.700 73.70
20.925 5.700 73.70
20.950 5.700 73.10
20.975 5.700 73.10
21.000 5.700 73.60
21.025 5.700 72.80
21.050 5.700 72.80
21.075 5.700 72.10
21.100 5.700 71.80
21.125 5.700 72.10
21.150 5.700 71.70
21.175 5.700 71.50
21.200 5.700 70.80
21.225 5.700 71.20
21.250 5.700 71.00
21.275 5.700 70.10
21.300 5.700 70.00
21.325 5.700 69.80
21.350 5.700 69.50
21.375 5.700 68.90
21.400 5.700 68.90
21.425 5.700 68.30
21.450 5.700 68.20
21.475 5.700 67.30
21.500 5.700 67.10
21.525 5.700 66.20
21.550 5.700 66.50
21.575 5.700 66.10
21.600 5.700 66.40
21.625 5.700 65.40
21.650 5.700 64.70
21.675 5.700 64.90
21.700 5.700 64.20
21.725 5.700 64.40
21.750 5.700 63.50
21.775 5.700 63.40
21.800 5.700 63.30
21.825 5.700 62.20
21.850 5.700 62.40
21.875 5.700 61.20
21.900 5.700 61.60
21.925 5.700 61.10
21.950 5.700 60.30
21.975 5.700 60.50
22.000 5.700 59.50
22.025 5.700 58.40
22.050 5.700 58.80
22.075 5.700 57.80
22.100 5.700 57.30
22.125 5.700 57.30
22.150 5.700 56.10
22.175 5.700 56.20
22.200 5.700 55.10
22.225 5.700 55.00
22.250 5.700 54.10
22.275 5.700 53.20
22.300 5.700 52.90
22.325 5.700 52.30
22.350 5.700 52.30
22.375 5.700 50.90
22.400 5.700 49.80
22.425 5.700 49.20
22.450 5.700 49.80
22.475 5.700 47.70
22.500 5.700 47.40
22.525 5.700 47.60
22.550 5.700 46.60
22.575 5.700 46.40
22.600 5.700 45.40
22.625 5.700 44.00
22.650 5.700 42.60
22.675 5.700 43.00
22.700 5.700 41.70
22.725 5.700 41.80
22.750 5.700 40.40
22.775 5.700 40.60
22.800 6.300 39.10
22.825 6.300 38.10
22.850 6.300 38.10
22.875 6.300 37.50
22.900 6.300 35.30
22.925 6.300 35.60
22.950 6.300 34.70
22.975 6.300 34.60
23.000 6.300 34.50
23.025 6.300 33.10
23.050 6.300 33.20
23.075 6.300 31.20
23.100 6.300 31.20
23.125 6.300 31.10
23.150 6.300 31.50
23.175 6.300 30.50
23.200 6.300 29.30
23.225 6.300 29.10
23.250 6.300 29.30
23.275 6.300 29.20
23.300 6.300 30.30
23.325 6.300 29.70
23.350 6.300 28.20
23.375 6.300 28.10
23.400 6.300 28.80
23.425 6.300 28.80
23.450 6.300 27.50
23.475 6.300 28.90
23.500 6.300 28.50
23.525 6.300 28.50
23.550 6.300 30.20
23.575 6.300 29.00
23.600 6.300 28.80
23.625 6.300 29.40
23.650 6.300 28.10
23.675 6.300 30.70
23.700 6.300 30.00
23.725 6.300 31.80
23.750 6.300 30.70
23.775 6.300 31.40
23.800 6.300 31.90
23.825 6.300 32.00
23.850 6.300 32.20
23.875 6.300 33.00
23.900 6.300 32.40
23.925 6.300 34.00
23.950 6.300 34.90
23.975 6.300 35.80
24.000 6.300 36.40
24.025 6.300 35.10
24.050 6.300 35.10
24.075 6.300 37.10
24.100 6.300 36.60
24.125 6.300 38.30
24.150 6.300 38.50
24.175 6.300 37.90
24.200 6.300 39.20
24.225 6.300 40.00
24.250 6.300 40.20
24.275 6.300 40.80
24.300 6.300 41.40
24.325 6.300 42.70
24.350 6.300 42.40
24.375 6.300 41.80
24.400 6.300 43.00
24.425 6.300 43.90
24.450 6.300 45.40
24.475 6.300 45.40
24.500 6.300 46.60
24.525 6.300 47.50
24.550 6.300 47.40
24.575 6.300 47.30
24.600 6.300 48.80
24.625 6.300 49.40
24.650 6.300 49.50
24.675 6.300 50.90
24.700 6.300 50.60
24.725 6.300 52.10
24.750 6.300 51.90
24.775 6.300 52.70
24.800 6.300 54.10
24.825 6.300 54.70
24.850 6.300 55.60
24.875 6.300 55.40
24.900 6.300 57.00
24.925 6.300 57.50
24.950 6.300 57.70
24.975 6.300 58.50
25.000 6.300 58.70
25.025 6.300 59.30
25.050 5.700 60.10
25.075 5.700 60.30
25.100 5.700 60.40
25.125 5.700 61.70
25.150 5.700 62.10
25.175 5.700 62.20
25.200 5.700 63.90
25.225 5.700 63.80
25.250 5.700 64.40
25.275 5.700 64.90
25.300 5.700 66.00
25.325 5.700 66.80
25.350 5.700 66.80
25.375 5.700 67.20
25.400 5.700 67.50
25.425 5.700 67.60
25.450 5.700 68.10
25.475 5.700 68.60
25.500 5.700 68.70
25.525 5.700 69.40
25.550 5.700 69.40
25.575 5.700 69.40
25.600 5.700 70.40
25.625 5.700 70.00
25.650 5.700 70.90
25.675 5.700 71.60
25.700 5.700 71.40
25.725 5.700 71.50
25.750 5.700 71.10
25.775 5.700 71.60
25.800 5.700 71.80
25.825 5.700 71.70
25.850 5.700 72.20
25.875 5.700 72.20
25.900 5.700 71.70
25.925 5.700 72.10
25.950 5.700 72.10
25.975 5.700 71.70
26.000 5.700 72.40
26.025 5.700 72.10
26.050 5.700 71.40
26.075 5.700 71.90
26.100 5.700 71.90
26.125 5.700 71.50
26.150 5.700 71.80
26.175 5.700 72.00
26.200 5.700 71.70
26.225 5.700 71.60
26.250 5.700 71.50
26.275 5.700 70.90
26.300 5.700 71.40
26.325 5.700 71.00
26.350 5.700 70.60
26.375 5.700 69.90
26.400 5.700 71.10
26.425 5.700 70.10
26.450 5.700 69.60
26.475 5.700 69.60
26.500 5.700 69.10
26.525 5.700 69.30
26.550 5.700 69.30
26.575 5.700 68.50
26.600 5.700 68.50
26.625 5.700 68.50
26.650 5.700 68.20
26.675 5.700 67.90
26.700 5.700 68.10
26.725 5.700 67.60
26.750 5.700 67.70
26.775 5.700 66.90
26.800 5.700 67.20
26.825 5.700 66.90
26.850 5.700 65.80
26.875 5.700 66.00
26.900 5.700 65.30
26.925 5.700 65.80
26.950 5.700 65.40
26.975 5.700 64.40
27.000 5.700 64.50
27.025 5.700 64.60
27.050 5.700 64.30
27.075 5.700 63.80
27.100 5.700 63.10
27.125 5.700 62.10
27.150 5.700 62.50
27.175 5.700 62.30
27.200 5.700 61.60
27.225 5.700 60.90
27.250 5.700 61.20
27.275 5.700 60.70
27.300 5.700 59.80
27.325 5.700 60.10
27.350 5.700 59.30
27.375 5.700 58.50
27.400 5.700 58.00
27.425 5.700 57.80
27.450 5.700 56.90
27.475 5.700 56.50
27.500 5.700 56.20
27.525 5.700 56.30
27.550 5.700 55.00
27.575 5.700 54.70
27.600 5.700 53.70
27.625 5.700 53.00
27.650 5.700 52.30
27.675 5.700 51.70
27.700 5.700 50.80
27.725 5.700 50.60
27.750 5.700 49.70
27.775 5.700 49.60
27.800 5.700 48.90
27.825 5.700 48.60
27.850 5.700 47.70
27.875 5.700 46.70
27.900 5.700 46.20
27.925 5.700 45.50
27.950 5.700 45.00
27.975 5.700 44.00
28.000 5.700 42.90
28.025 5.700 42.90
28.050 5.700 42.40
28.075 5.700 41.80
28.100 5.700 40.60
28.125 6.300 39.90
28.150 6.300 40.10
28.175 6.300 38.60
28.200 6.300 38.90
28.225 6.300 37.90
28.250 6.300 36.00
28.275 6.300 35.90
28.300 6.300 34.40
28.325 6.300 34.60
28.350 6.300 34.60
28.375 6.300 33.40
28.400 6.300 33.50
28.425 6.300 33.00
28.450 6.300 31.80
28.475 6.300 31.50
28.500 6.300 31.60
28.525 6.300 31.70
28.550 6.300 32.00
28.575 6.300 29.40
28.600 6.300 30.90
28.625 6.300 30.30
28.650 6.300 30.70
28.675 6.300 29.20
28.700 6.300 30.30
28.725 6.300 29.90
28.750 6.300 30.70
28.775 6.300 30.80
28.800 6.300 31.20
28.825 6.300 31.10
28.850 6.300 30.80
28.875 6.300 30.90
28.900 6.300 31.20
28.925 6.300 31.30
28.950 6.300 32.60
28.975 6.300 32.80
29.000 6.300 32.30
29.025 6.300 33.00
29.050 6.300 33.20
29.075 6.300 34.00
29.100 6.300 33.80
29.125 6.300 34.60
29.150 6.300 35.30
29.175 6.300 35.20
29.200 6.300 36.00
29.225 6.300 36.70
29.250 6.300 36.90
29.275 6.300 37.50
29.300 6.300 38.10
29.325 6.300 38.80
29.350 6.300 39.10
29.375 6.300 39.80
29.400 6.300 40.30
29.425 6.300 40.40
29.450 6.300 41.00
29.475 6.300 41.20
29.500 6.300 43.30
29.525 6.300 42.20
29.550 6.300 41.40
29.575 6.300 43.90
29.600 6.300 44.10
29.625 6.300 45.80
29.650 6.300 46.10
29.675 6.300 45.30
29.700 6.300 46.70
29.725 6.300 48.60
29.750 6.300 48.10
29.775 6.300 48.60
29.800 6.300 49.00
29.825 6.300 50.30
29.850 6.300 50.80
29.875 6.300 51.60
29.900 6.300 51.90
29.925 6.300 52.40
29.950 6.300 53.40
29.975 6.300 54.30
30.000 6.300 54.40
30.025 6.300 55.30
30.050 6.300 56.20
30.075 6.300 56.60
30.100 6.300 57.40
30.125 6.300 58.50
30.150 6.300 59.50
30.175 6.300 59.40
30.200 5.700 60.10
30.225 5.700 60.70
30.250 5.700 61.70
30.275 5.700 62.10
30.300 5.700 62.70
30.325 5.700 63.50
30.350 5.700 63.60
30.375 5.700 64.50
30.400 5.700 64.70
30.425 5.700 66.40
30.450 5.700 66.40
30.475 5.700 67.10
30.500 5.700 67.70
30.525 5.700 68.20
30.550 5.700 68.70
30.575 5.700 68.70
30.600 5.700 69.50
30.625 5.700 70.00
30.650 5.700 70.30
30.675 5.700 71.50
30.700 5.700 71.40
30.725 5.700 71.60
30.750 5.700 72.00
30.775 5.700 72.50
30.800 5.700 72.70
30.825 5.700 73.10
30.850 5.700 73.00
30.875 5.700 73.00
30.900 5.700 73.20
30.925 5.700 73.40
30.950 5.700 73.50
30.975 5.700 73.20
31.000 5.700 73.60
31.025 5.700 73.50
31.050 5.700 73.60
31.075 5.700 74.10
31.100 5.700 74.20
31.125 5.700 73.50
31.150 5.700 73.80
31.175 5.700 74.20
31.200 5.700 73.10
31.225 5.700 73.50
31.250 5.700 73.60
31.275 5.700 73.20
31.300 5.700 73.20
31.325 5.700 72.80
31.350 5.700 72.80
31.375 5.700 72.30
31.400 5.700 72.50
31.425 5.700 71.80
31.450 5.700 72.30
31.475 5.700 72.00
31.500 5.700 71.80
31.525 5.700 71.50
31.550 5.700 71.50
31.575 5.700 71.20
31.600 5.700 70.60
31.625 5.700 70.50
31.650 5.700 70.90
31.675 5.700 69.40
31.700 5.700 69.40
31.725 5.700 69.30
31.750 5.700 69.00
31.775 5.700 68.30
31.800 5.700 68.30
31.825 5.700 67.80
31.850 5.700 67.40
31.875 5.700 66.50
31.900 5.700 67.20
31.925 5.700 66.60
31.950 5.700 65.70
31.975 5.700 65.20
32.000 5.700 65.00
32.025 5.700 64.60
32.050 5.700 64.70
32.075 5.700 63.50
32.100 5.700 63.50
32.125 5.700 63.20
32.150 5.700 62.80
32.175 5.700 62.30
32.200 5.700 61.60
32.225 5.700 60.70
32.250 5.700 60.90
32.275 5.700 60.70
32.300 5.700 59.70
32.325 5.700 59.70
32.350 5.700 58.20
32.375 5.700 58.10
32.400 5.700 57.80
32.425 5.700 57.20
32.450 5.700 56.80
32.475 5.700 56.30
32.500 5.700 55.10
32.525 5.700 54.80
32.550 5.700 54.10
32.575 5.700 53.80
32.600 5.700 53.70
32.625 5.700 52.50
32.650 5.700 51.80
32.675 5.700 51.10
32.700 5.700 50.30
32.725 5.700 49.80
32.750 5.700 48.90
32.775 5.700 49.20
32.800 5.700 47.60
32.825 5.700 47.00
32.850 5.700 47.30
32.875 5.700 45.30
32.900 5.700 45.60
32.925 5.700 45.10
32.950 5.700 43.70
32.975 5.700 42.70
33.000 5.700 41.70
33.025 5.700 41.80
33.050 5.700 41.30
33.075 5.700 40.30
33.100 6.300 39.80
33.125 6.300 39.10
33.150 6.300 38.60
33.175 6.300 37.70
33.200 6.300 36.70
33.225 6.300 37.20
33.250 6.300 35.10
33.275 6.300 35.60
33.300 6.300 34.20
33.325 6.300 34.60
33.350 6.300 33.70
33.375 6.300 33.70
33.400 6.300 32.80
33.425 6.300 31.80
33.450 6.300 31.90
33.475 6.300 31.60
33.500 6.300 31.50
33.525 6.300 31.10
33.550 6.300 30.40
33.575 6.300 30.00
33.600 6.300 29.80
33.625 6.300 30.30
33.650 6.300 30.30
33.675 6.300 30.40
33.700 6.300 29.20
33.725 6.300 29.90
33.750 6.300 29.60
33.775 6.300 29.20
33.800 6.300 29.80
33.825 6.300 29.00
33.850 6.300 29.80
33.875 6.300 30.70
33.900 6.300 30.30
33.925 6.300 30.10
33.950 6.300 29.70
33.975 6.300 29.80
34.000 6.300 30.00
34.025 6.300 30.90
34.050 6.300 31.20
34.075 6.300 31.50
34.100 6.300 30.80
34.125 6.300 31.60
34.150 6.300 32.30
34.175 6.300 32.70
34.200 6.300 32.50
34.225 6.300 32.50
34.250 6.300 32.90
34.275 6.300 33.90
34.300 6.300 34.60
34.325 6.300 34.80
34.350 6.300 35.60
34.375 6.300 35.60
34.400 6.300 36.80
34.425 6.300 36.90
34.450 6.300 37.90
34.475 6.300 37.90
34.500 6.300 38.10
34.525 6.300 38.90
34.550 6.300 39.50
34.575 6.300 39.60
34.600 6.300 40.60
34.625 6.300 40.50
34.650 6.300 41.70
34.675 6.300 42.30
34.700 6.300 42.50
34.725 6.300 41.60
34.750 6.300 43.10
34.775 6.300 45.10
34.800 6.300 45.10
34.825 6.300 45.90
34.850 6.300 46.80
34.875 6.300 47.60
34.900 6.300 47.90
34.925 6.300 48.30
34.950 6.300 50.20
34.975 6.300 50.30
35.000 6.300 51.20
35.025 6.300 52.90
35.050 6.300 53.90
35.075 6.300 53.70
35.100 6.300 54.10
35.125 6.300 56.10
35.150 6.300 56.80
35.175 6.300 57.70
35.200 6.300 57.90
35.225 6.300 58.70
35.250 6.300 59.40
35.275 6.300 59.90
35.300 5.700 60.70
35.325 5.700 61.70
35.350 5.700 61.80
35.375 5.700 63.10
35.400 5.700 63.40
35.425 5.700 64.20
35.450 5.700 65.20
35.475 5.700 65.20
35.500 5.700 65.80
35.525 5.700 66.70
35.550 5.700 67.40
35.575 5.700 68.50
35.600 5.700 68.00
35.625 5.700 69.30
35.650 5.700 69.60
35.675 5.700 69.60
35.700 5.700 70.10
35.725 5.700 71.10
35.750 5.700 71.00
35.775 5.700 72.20
35.800 5.700 72.00
35.825 5.700 73.10
35.850 5.700 72.80
35.875 5.700 73.40
35.900 5.700 73.70
35.925 5.700 73.60
35.950 5.700 73.90
35.975 5.700 74.90
36.000 5.700 74.40
36.025 5.700 75.30
36.050 5.700 75.70
36.075 5.700 75.10
36.100 5.700 75.60
36.125 5.700 76.10
36.150 5.700 75.80
36.175 5.700 75.80
36.200 5.700 76.30
36.225 5.700 76.80
36.250 5.700 76.50
36.275 5.700 76.80
36.300 5.700 76.40
36.325 5.700 77.10
36.350 5.700 76.50
36.375 5.700 77.30
36.400 5.700 76.60
36.425 5.700 76.10
36.450 5.700 76.20
36.475 5.700 75.70
36.500 5.700 75.70
36.525 5.700 75.80
36.550 5.700 75.40
36.575 5.700 75.30
36.600 5.700 75.60
36.625 5.700 74.60
36.650 5.700 74.90
36.675 5.700 74.00
36.700 5.700 74.10
36.725 5.700 73.70
36.750 5.700 73.80
36.775 5.700 73.60
36.800 5.700 74.10
36.825 5.700 72.80
36.850 5.700 72.40
36.875 5.700 72.60
36.900 5.700 72.20
36.925 5.700 72.30
36.950 5.700 71.80
36.975 5.700 71.30
37.000 5.700 71.30
37.025 5.700 70.70
37.050 5.700 70.50
37.075 5.700 69.70
37.100 5.700 69.80
37.125 5.700 69.60
37.150 5.700 69.10
37.175 5.700 68.70
37.200 5.700 68.00
37.225 5.700 67.40
37.250 5.700 67.80
37.275 5.700 66.90
37.300 5.700 66.80
37.325 5.700 66.70
37.350 5.700 66.20
37.375 5.700 65.70
37.400 5.700 65.30
37.425 5.700 64.70
37.450 5.700 64.50
37.475 5.700 64.40
37.500 5.700 63.30
37.525 5.700 63.00
37.550 5.700 62.90
37.575 5.700 63.10
37.600 5.700 62.20
37.625 5.700 61.70
37.650 5.700 61.30
37.675 5.700 61.00
37.700 5.700 60.00
37.725 5.700 59.90
37.750 5.700 58.90
37.775 5.700 58.00
37.800 5.700 58.40
37.825 5.700 57.20
37.850 5.700 57.50
37.875 5.700 56.90
37.900 5.700 56.10
37.925 5.700 55.70
37.950 5.700 54.80
37.975 5.700 54.10
38.000 5.700 53.80
38.025 5.700 52.60
38.050 5.700 52.30
38.075 5.700 52.30
38.100 5.700 51.10
38.125 5.700 50.20
38.150 5.700 49.60
38.175 5.700 49.30
38.200 5.700 48.70
38.225 5.700 47.10
38.250 5.700 47.40
38.275 5.700 46.50
38.300 5.700 46.30
38.325 5.700 45.10
38.350 5.700 45.10
38.375 5.700 42.60
38.400 5.700 42.00
38.425 5.700 42.00
38.450 5.700 42.20
38.475 5.700 40.70
38.500 5.700 40.90
38.525 5.700 40.60
38.550 6.300 39.40
38.575 6.300 39.20
38.600 6.300 38.00
38.625 6.300 36.90
38.650 6.300 36.20
38.675 6.300 35.20
38.700 6.300 34.30
38.725 6.300 34.50
38.750 6.300 33.80
38.775 6.300 33.40
38.800 6.300 32.60
38.825 6.300 31.60
38.850 6.300 33.10
38.875 6.300 31.50
38.900 6.300 30.50
38.925 6.300 29.90
38.950 6.300 29.90
38.975 6.300 29.90
39.000 6.300 29.90
39.025 6.300 29.00
39.050 6.300 29.20
39.075 6.300 29.20
39.100 6.300 29.50
39.125 6.300 28.90
39.150 6.300 29.20
39.175 6.300 28.80
39.200 6.300 29.40
39.225 6.300 29.10
39.250 6.300 29.60
39.275 6.300 29.30
39.300 6.300 29.70
39.325 6.300 29.10
39.350 6.300 29.70
39.375 6.300 29.80
39.400 6.300 29.80
39.425 6.300 30.40
39.450 6.300 31.60
39.475 6.300 32.20
39.500 6.300 31.10
39.525 6.300 32.50
39.550 6.300 32.50
39.575 6.300 33.70
39.600 6.300 32.70
39.625 6.300 33.60
39.650 6.300 34.30
39.675 6.300 35.30
39.700 6.300 34.80
39.725 6.300 36.50
39.750 6.300 36.20
39.775 6.300 36.70
39.800 6.300 36.90
39.825 6.300 37.90
39.850 6.300 39.40
39.875 6.300 38.90
39.900 6.300 39.70
39.925 6.300 39.40
39.950 6.300 40.30
39.975 6.300 40.20
40.000 6.300 41.10
40.025 6.300 42.80
40.050 6.300 42.30
40.075 6.300 41.10
40.100 6.300 42.70
40.125 6.300 44.00
40.150 6.300 44.70
40.175 6.300 46.10
40.200 6.300 46.50
40.225 6.300 46.80
40.250 6.300 47.80
40.275 6.300 47.90
40.300 6.300 48.40
40.325 6.300 49.40
40.350 6.300 50.70
40.375 6.300 50.60
40.400 6.300 51.50
40.425 6.300 52.10
40.450 6.300 53.10
40.475 6.300 54.50
40.500 6.300 54.70
40.525 6.300 55.50
40.550 6.300 56.30
40.575 6.300 56.90
40.600 6.300 57.60
40.625 6.300 58.40
40.650 6.300 59.20
40.675 6.300 59.90
40.700 5.700 60.20
40.725 5.700 61.10
40.750 5.700 61.30
40.775 5.700 62.40
40.800 5.700 62.80
40.825 5.700 63.80
40.850 5.700 64.50
40.875 5.700 65.20
40.900 5.700 65.70
40.925 5.700 66.40
40.950 5.700 66.80
40.975 5.700 67.40
41.000 5.700 68.10
41.025 5.700 69.10
41.050 5.700 69.40
41.075 5.700 70.00
41.100 5.700 70.40
41.125 5.700 71.00
41.150 5.700 71.90
41.175 5.700 71.30
41.200 5.700 71.80
41.225 5.700 71.90
41.250 5.700 73.00
41.275 5.700 72.80
41.300 5.700 73.50
41.325 5.700 73.70
41.350 5.700 73.70
41.375 5.700 73.90
41.400 5.700 74.20
41.425 5.700 74.20
41.450 5.700 74.90
41.475 5.700 75.50
41.500 5.700 75.30
41.525 5.700 75.30
41.550 5.700 75.20
41.575 5.700 75.80
41.600 5.700 75.40
41.625 5.700 75.60
41.650 5.700 75.80
41.675 5.700 76.30
41.700 5.700 76.30
41.725 5.700 76.50
41.750 5.700 75.80
41.775 5.700 75.90
41.800 5.700 76.00
41.825 5.700 76.20
41.850 5.700 75.90
41.875 5.700 75.70
41.900 5.700 76.00
41.925 5.700 76.60
41.950 5.700 75.20
41.975 5.700 75.40
42.000 5.700 75.80
42.025 5.700 74.90
42.050 5.700 75.00
42.075 5.700 75.00
42.100 5.700 74.90
42.125 5.700 75.10
42.150 5.700 75.10
42.175 5.700 74.80
42.200 5.700 74.40
42.225 5.700 74.40
42.250 5.700 73.40
42.275 5.700 73.40
42.300 5.700 72.90
42.325 5.700 73.20
42.350 5.700 72.60
42.375 5.700 72.40
42.400 5.700 72.10
42.425 5.700 72.10
42.450 5.700 71.80
42.475 5.700 71.40
42.500 5.700 71.40
42.525 5.700 70.60
42.550 5.700 70.80
42.575 5.700 70.60
42.600 5.700 69.70
42.625 5.700 69.40
42.650 5.700 69.00
42.675 5.700 68.60
42.700 5.700 68.50
42.725 5.700 67.80
42.750 5.700 67.40
42.775 5.700 66.80
42.800 5.700 66.50
42.825 5.700 66.10
42.850 5.700 65.50
42.875 5.700 65.10
42.900 5.700 65.10
42.925 5.700 64.30
42.950 5.700 63.60
42.975 5.700 63.40
43.000 5.700 62.60
43.025 5.700 62.30
43.050 5.700 61.90
43.075 5.700 61.30
43.100 5.700 60.60
43.125 5.700 60.30
43.150 5.700 59.40
43.175 5.700 58.60
43.200 5.700 58.60
43.225 5.700 58.60
43.250 5.700 57.10
43.275 5.700 56.90
43.300 5.700 56.50
43.325 5.700 55.60
43.350 5.700 55.30
43.375 5.700 54.40
43.400 5.700 54.10
43.425 5.700 52.70
43.450 5.700 52.70
43.475 5.700 52.20
43.500 5.700 51.50
43.525 5.700 50.00
43.550 5.700 49.70
43.575 5.700 48.90
43.600 5.700 48.50
43.625 5.700 48.40
43.650 5.700 46.70
43.675 5.700 46.00
43.700 5.700 45.70
43.725 5.700 45.10
43.750 5.700 43.50
43.775 5.700 41.80
43.800 5.700 41.90
43.825 5.700 42.00
43.850 5.700 40.70
43.875 5.700 40.40
43.900 6.300 39.40
43.925 6.300 38.40
43.950 6.300 37.90
43.975 6.300 36.30
44.000 6.300 36.90
44.025 6.300 36.10
44.050 6.300 33.70
44.075 6.300 34.10
44.100 6.300 33.90
44.125 6.300 33.60
44.150 6.300 32.60
44.175 6.300 33.20
44.200 6.300 31.80
44.225 6.300 31.90
44.250 6.300 31.50
44.275 6.300 30.60
44.300 6.300 31.00
44.325 6.300 29.90
44.350 6.300 29.40
44.375 6.300 29.00
44.400 6.300 29.10
44.425 6.300 28.60
44.450 6.300 28.30
44.475 6.300 29.10
44.500 6.300 29.20
44.525 6.300 28.80
44.550 6.300 29.60
44.575 6.300 29.00
44.600 6.300 29.70
44.625 6.300 28.80
44.650 6.300 29.40
44.675 6.300 29.70
44.700 6.300 30.00
44.725 6.300 30.30
44.750 6.300 30.70
44.775 6.300 30.30
44.800 6.300 31.40
44.825 6.300 30.80
44.850 6.300 31.80
44.875 6.300 31.70
44.900 6.300 32.40
44.925 6.300 33.30
44.950 6.300 33.20
44.975 6.300 33.70
45.000 6.300 34.70
45.025 6.300 35.00
45.050 6.300 35.20
45.075 6.300 36.60
45.100 6.300 36.50
45.125 6.300 37.10
45.150 6.300 38.00
45.175 6.300 38.50
45.200 6.300 38.10
45.225 6.300 38.40
45.250 6.300 40.00
45.275 6.300 40.40
45.300 6.300 40.50
45.325 6.300 40.80
45.350 6.300 42.60
45.375 6.300 42.40
45.400 6.300 42.70
45.425 6.300 41.50
45.450 6.300 44.00
45.475 6.300 44.50
45.500 6.300 45.60
45.525 6.300 46.30
45.550 6.300 45.50
45.575 6.300 47.50
45.600 6.300 47.80
45.625 6.300 48.30
45.650 6.300 49.30
45.675 6.300 49.60
45.700 6.300 50.80
45.725 6.300 51.50
45.750 6.300 51.60
45.775 6.300 52.60
45.800 6.300 53.80
45.825 6.300 54.20
45.850 6.300 55.40
45.875 6.300 55.90
45.900 6.300 56.90
45.925 6.300 57.70
45.950 6.300 58.10
45.975 6.300 59.50
46.000 6.300 59.70
46.025 5.700 60.50
46.050 5.700 61.00
46.075 5.700 61.60
46.100 5.700 62.50
46.125 5.700 62.80
46.150 5.700 63.90
46.175 5.700 64.70
46.200 5.700 65.30
46.225 5.700 66.30
46.250 5.700 66.80
46.275 5.700 66.70
46.300 5.700 67.70
46.325 5.700 68.30
46.350 5.700 68.60
46.375 5.700 69.10
46.400 5.700 69.40
46.425 5.700 70.20
46.450 5.700 70.40
46.475 5.700 71.00
46.500 5.700 71.50
46.525 5.700 72.00
46.550 5.700 72.70
46.575 5.700 72.20
46.600 5.700 72.70
46.625 5.700 72.90
46.650 5.700 72.80
46.675 5.700 73.50
46.700 5.700 73.60
46.725 5.700 74.10
46.750 5.700 74.30
46.775 5.700 73.90
46.800 5.700 75.10
46.825 5.700 74.60
46.850 5.700 74.60
46.875 5.700 75.20
46.900 5.700 76.00
46.925 5.700 74.90
46.950 5.700 75.10
46.975 5.700 75.40
47.000 5.700 75.30
47.025 5.700 75.60
47.050 5.700 75.90
47.075 5.700 74.90
47.100 5.700 75.30
47.125 5.700 74.90
47.150 5.700 75.40
47.175 5.700 75.10
47.200 5.700 74.50
47.225 5.700 74.40
47.250 5.700 74.80
47.275 5.700 74.80
47.300 5.700 74.10
47.325 5.700 73.80
47.350 5.700 73.80
47.375 5.700 73.60
47.400 5.700 73.60
47.425 5.700 72.80
47.450 5.700 73.20
47.475 5.700 72.10
47.500 5.700 72.70
47.525 5.700 72.00
47.550 5.700 72.00
47.575 5.700 71.80
47.600 5.700 71.50
47.625 5.700 71.00
47.650 5.700 70.40
47.675 5.700 70.30
47.700 5.700 69.70
47.725 5.700 69.50
47.750 5.700 69.00
47.775 5.700 69.10
47.800 5.700 68.60
47.825 5.700 67.90
47.850 5.700 68.00
47.875 5.700 67.30
47.900 5.700 67.20
47.925 5.700 67.10
47.950 5.700 66.20
47.975 5.700 65.70
48.000 5.700 65.40
48.025 5.700 65.30
48.050 5.700 64.30
48.075 5.700 64.00
48.100 5.700 64.00
48.125 5.700 63.00
48.150 5.700 62.60
48.175 5.700 62.80
48.200 5.700 61.80
48.225 5.700 61.00
48.250 5.700 60.80
48.275 5.700 59.80
48.300 5.700 59.70
48.325 5.700 58.60
48.350 5.700 58.10
48.375 5.700 58.00
48.400 5.700 57.10
48.425 5.700 56.60
48.450 5.700 56.00
48.475 5.700 54.80
48.500 5.700 54.30
48.525 5.700 54.00
48.550 5.700 53.40
48.575 5.700 52.40
48.600 5.700 52.00
48.625 5.700 50.50
48.650 5.700 50.30
48.675 5.700 49.60
48.700 5.700 48.50
48.725 5.700 49.00
48.750 5.700 47.70
48.775 5.700 46.80
48.800 5.700 45.20
48.825 5.700 45.70
48.850 5.700 44.90
48.875 5.700 43.70
48.900 5.700 43.00
48.925 5.700 42.60
48.950 5.700 42.80
48.975 5.700 41.60
49.000 5.700 40.40
49.025 5.700 40.60
49.050 5.700 40.70
49.075 6.300 39.40
49.100 6.300 38.00
49.125 6.300 38.20
49.150 6.300 36.80
49.175 6.300 36.50
49.200 6.300 35.60
49.225 6.300 34.00
49.250 6.300 34.60
49.275 6.300 32.90
49.300 6.300 32.40
49.325 6.300 31.40
49.350 6.300 31.50
49.375 6.300 32.20
49.400 6.300 30.20
49.425 6.300 29.40
49.450 6.300 29.40
49.475 6.300 29.50
49.500 6.300 29.50
49.525 6.300 29.50
49.550 6.300 28.90
49.575 6.300 28.60
49.600 6.300 28.40
49.625 6.300 28.80
49.650 6.300 28.50
49.675 6.300 28.30
49.700 6.300 28.50
49.725 6.300 28.10
49.750 6.300 29.00
49.775 6.300 28.60
49.800 6.300 29.00
49.825 6.300 29.10
49.850 6.300 29.50
49.875 6.300 29.90
49.900 6.300 30.30
49.925 6.300 30.50
49.950 6.300 30.80
49.975 6.300 30.60
50.000 6.300 30.80
50.025 6.300 32.20
50.050 6.300 31.70
50.075 6.300 32.70
50.100 6.300 32.50
50.125 6.300 33.30
50.150 6.300 33.50
50.175 6.300 33.80
50.200 6.300 35.20
50.225 6.300 35.30
50.250 6.300 35.40
50.275 6.300 36.00
50.300 6.300 36.80
50.325 6.300 38.10
50.350 6.300 38.00
50.375 6.300 37.90
50.400 6.300 38.70
50.425 6.300 40.30
50.450 6.300 40.30
50.475 6.300 40.60
50.500 6.300 41.10
50.525 6.300 42.00
50.550 6.300 42.00
50.575 6.300 41.90
50.600 6.300 43.30
50.625 6.300 44.80
50.650 6.300 44.60
50.675 6.300 45.80
50.700 6.300 45.80
50.725 6.300 47.30
50.750 6.300 48.20
50.775 6.300 48.30
50.800 6.300 50.00
50.825 6.300 49.70
50.850 6.300 50.90
50.875 6.300 51.20
50.900 6.300 51.50
50.925 6.300 52.90
50.950 6.300 53.10
50.975 6.300 53.90
51.000 6.300 55.60
51.025 6.300 56.10
51.050 6.300 56.60
51.075 6.300 57.60
51.100 6.300 57.90
51.125 6.300 59.30
51.150 6.300 59.70
51.175 5.700 60.20
51.200 5.700 61.10
51.225 5.700 61.70
51.250 5.700 61.90
51.275 5.700 62.60
51.300 5.700 63.20
51.325 5.700 64.40
51.350 5.700 64.60
51.375 5.700 65.00
51.400 5.700 66.50
51.425 5.700 66.40
51.450 5.700 67.10
51.475 5.700 67.90
51.500 5.700 68.00
51.525 5.700 68.80
51.550 5.700 69.20
51.575 5.700 69.00
51.600 5.700 70.30
51.625 5.700 70.00
51.650 5.700 71.10
51.675 5.700 71.30
51.700 5.700 71.50
51.725 5.700 72.30
51.750 5.700 72.00
51.775 5.700 71.70
51.800 5.700 72.70
51.825 5.700 72.20
51.850 5.700 73.10
51.875 5.700 73.40
51.900 5.700 73.20
51.925 5.700 73.40
51.950 5.700 73.70
51.975 5.700 74.20
52.000 5.700 74.10
52.025 5.700 74.10
52.050 5.700 73.70
52.075 5.700 74.20
52.100 5.700 74.30
52.125 5.700 74.40
52.150 5.700 74.40
52.175 5.700 74.50
52.200 5.700 74.30
52.225 5.700 73.90
52.250 5.700 73.70
52.275 5.700 74.30
52.300 5.700 74.60
52.325 5.700 74.00
52.350 5.700 73.90
52.375 5.700 73.20
52.400 5.700 73.40
52.425 5.700 73.20
52.450 5.700 73.10
52.475 5.700 72.60
52.500 5.700 73.20
52.525 5.700 72.50
52.550 5.700 72.30
52.575 5.700 71.70
52.600 5.700 71.40
52.625 5.700 71.50
52.650 5.700 70.70
52.675 5.700 70.80
52.700 5.700 70.50
52.725 5.700 69.90
52.750 5.700 70.10
52.775 5.700 69.40
52.800 5.700 69.70
52.825 5.700 69.30
52.850 5.700 68.60
52.875 5.700 68.70
52.900 5.700 68.50
52.925 5.700 67.90
52.950 5.700 67.30
52.975 5.700 66.50
53.000 5.700 67.30
53.025 5.700 66.40
53.050 5.700 65.50
53.075 5.700 66.80
53.100 5.700 65.80
53.125 5.700 65.40
53.150 5.700 64.60
53.175 5.700 64.40
53.200 5.700 63.90
53.225 5.700 64.00
53.250 5.700 63.00
53.275 5.700 63.40
53.300 5.700 62.50
53.325 5.700 62.10
53.350 5.700 61.50
53.375 5.700 61.30
53.400 5.700 60.90
53.425 5.700 61.10
53.450 5.700 60.20
53.475 5.700 59.10
53.500 5.700 58.70
53.525 5.700 58.80
53.550 5.700 58.00
53.575 5.700 56.90
53.600 5.700 57.20
53.625 5.700 57.00
53.650 5.700 56.40
53.675 5.700 55.80
53.700 5.700 55.40
53.725 5.700 54.80
53.750 5.700 54.00
53.775 5.700 54.10
53.800 5.700 53.40
53.825 5.700 52.50
53.850 5.700 51.60
53.875 5.700 51.30
53.900 5.700 50.00
53.925 5.700 50.20
53.950 5.700 49.60
53.975 5.700 49.30
54.000 5.700 48.80
54.025 5.700 47.90
54.050 5.700 46.50
54.075 5.700 46.50
54.100 5.700 46.00
54.125 5.700 45.30
54.150 5.700 45.10
54.175 5.700 43.40
54.200 5.700 42.80
54.225 5.700 42.60
54.250 5.700 42.80
54.275 5.700 41.50
54.300 5.700 40.10
54.325 5.700 40.60
54.350 6.300 39.40
54.375 6.300 38.90
54.400 6.300 38.30
54.425 6.300 37.40
54.450 6.300 36.20
54.475 6.300 36.40
54.500 6.300 35.40
54.525 6.300 34.20
54.550 6.300 34.20
54.575 6.300 33.20
54.600 6.300 33.90
54.625 6.300 31.90
54.650 6.300 31.40
54.675 6.300 31.20
54.700 6.300 30.00
54.725 6.300 30.00
54.750 6.300 29.20
54.775 6.300 29.80
54.800 6.300 28.20
54.825 6.300 28.20
54.850 6.300 28.40
54.875 6.300 27.80
54.900 6.300 27.80
54.925 6.300 27.50
54.950 6.300 27.70
54.975 6.300 28.40
55.000 6.300 27.10
55.025 6.300 27.60
55.050 6.300 27.80
55.075 6.300 27.50
55.100 6.300 28.10
55.125 6.300 27.40
55.150 6.300 28.50
55.175 6.300 28.40
55.200 6.300 28.10
55.225 6.300 29.50
55.250 6.300 28.90
55.275 6.300 29.70
55.300 6.300 30.20
55.325 6.300 29.20
55.350 6.300 30.30
55.375 6.300 30.40
55.400 6.300 30.40
55.425 6.300 31.20
55.450 6.300 31.70
55.475 6.300 31.50
55.500 6.300 33.70
55.525 6.300 33.70
55.550 6.300 33.50
55.575 6.300 33.80
55.600 6.300 33.10
55.625 6.300 35.60
55.650 6.300 35.50
55.675 6.300 35.20
55.700 6.300 36.20
55.725 6.300 37.20
55.750 6.300 37.70
55.775 6.300 37.70
55.800 6.300 37.90
55.825 6.300 39.00
55.850 6.300 39.90
55.875 6.300 39.40
55.900 6.300 39.60
55.925 6.300 40.10
55.950 6.300 41.70
55.975 6.300 42.00
56.000 6.300 42.70
56.025 6.300 43.40
56.050 6.300 44.50
56.075 6.300 45.10
56.100 6.300 45.60
56.125 6.300 46.20
56.150 6.300 47.10
56.175 6.300 48.20
56.200 6.300 48.80
56.225 6.300 49.40
56.250 6.300 50.00
56.275 6.300 50.10
56.300 6.300 50.60
56.325 6.300 52.30
56.350 6.300 53.20
56.375 6.300 53.10
56.400 6.300 53.80
56.425 6.300 54.70
56.450 6.300 55.40
56.475 6.300 56.40
56.500 6.300 56.50
56.525 6.300 56.90
56.550 6.300 58.90
56.575 6.300 59.00
56.600 6.300 59.50
56.625 5.700 60.10
56.650 5.700 60.80
56.675 5.700 62.20
56.700 5.700 62.60
56.725 5.700 62.90
56.750 5.700 64.20
56.775 5.700 64.40
56.800 5.700 64.60
56.825 5.700 65.10
56.850 5.700 65.70
56.875 5.700 66.60
56.900 5.700 66.90
56.925 5.700 66.80
56.950 5.700 67.70
56.975 5.700 68.10
57.000 5.700 68.70
57.025 5.700 69.10
57.050 5.700 69.70
57.075 5.700 69.90
57.100 5.700 70.20
57.125 5.700 70.60
57.150 5.700 71.70
57.175 5.700 71.10
57.200 5.700 71.50
57.225 5.700 72.00
57.250 5.700 72.00
57.275 5.700 71.90
57.300 5.700 72.00
57.325 5.700 72.20
57.350 5.700 72.60
57.375 5.700 72.60
57.400 5.700 71.90
57.425 5.700 72.60
57.450 5.700 72.80
57.475 5.700 73.10
57.500 5.700 73.20
57.525 5.700 73.30
57.550 5.700 73.10
57.575 5.700 73.10
57.600 5.700 73.00
57.625 5.700 73.40
57.650 5.700 73.00
57.675 5.700 72.80
57.700 5.700 72.40
57.725 5.700 72.70
57.750 5.700 72.10
57.775 5.700 72.10
57.800 5.700 72.60
57.825 5.700 71.90
57.850 5.700 71.70
57.875 5.700 72.40
57.900 5.700 71.30
57.925 5.700 71.00
57.950 5.700 70.30
57.975 5.700 70.40
58.000 5.700 69.80
58.025 5.700 70.00
58.050 5.700 69.40
58.075 5.700 69.40
58.100 5.700 68.60
58.125 5.700 68.70
58.150 5.700 68.50
58.175 5.700 68.30
58.200 5.700 67.50
58.225 5.700 68.30
58.250 5.700 67.00
58.275 5.700 67.00
58.300 5.700 67.20
58.325 5.700 66.50
58.350 5.700 66.30
58.375 5.700 66.40
58.400 5.700 66.00
58.425 5.700 65.30
58.450 5.700 64.90
58.475 5.700 64.50
58.500 5.700 64.20
58.525 5.700 64.70
58.550 5.700 63.50
58.575 5.700 63.30
58.600 5.700 62.50
58.625 5.700 62.90
58.650 5.700 62.50
58.675 5.700 62.10
58.700 5.700 61.50
58.725 5.700 61.50
58.750 5.700 60.40
58.775 5.700 60.50
58.800 5.700 59.30
58.825 5.700 59.10
58.850 5.700 59.30
58.875 5.700 58.00
58.900 5.700 58.00
58.925 5.700 56.60
58.950 5.700 56.50
58.975 5.700 56.90
59.000 5.700 55.90
59.025 5.700 55.40
59.050 5.700 55.10
59.075 5.700 53.90
59.100 5.700 54.20
59.125 5.700 53.20
59.150 5.700 52.30
59.175 5.700 52.00
59.200 5.700 51.10
59.225 5.700 50.60
59.250 5.700 50.10
59.275 5.700 49.50
59.300 5.700 49.60
59.325 5.700 48.20
59.350 5.700 47.70
59.375 5.700 48.20
59.400 5.700 46.80
59.425 5.700 46.40
59.450 5.700 45.40
59.475 5.700 44.90
59.500 5.700 44.10
59.525 5.700 42.10
59.550 5.700 42.70
59.575 5.700 42.20
59.600 5.700 41.40
59.625 5.700 40.90
59.650 6.300 39.40
59.675 6.300 39.10
59.700 6.300 38.10
59.725 6.300 37.60
59.750 6.300 37.30
59.775 6.300 37.10
59.800 6.300 35.80
59.825 6.300 35.90
59.850 6.300 34.80
59.875 6.300 33.80
59.900 6.300 34.00
59.925 6.300 33.40
59.950 6.300 33.80
59.975 6.300 32.80
60.000 6.300 31.60
60.025 6.300 31.80
60.050 6.300 31.50
60.075 6.300 31.40
60.100 6.300 30.40
60.125 6.300 31.40
60.150 6.300 30.90
60.175 6.300 30.90
60.200 6.300 30.60
60.225 6.300 30.70
60.250 6.300 30.80
60.275 6.300 30.30
60.300 6.300 30.30
60.325 6.300 30.70
60.350 6.300 29.80
60.375 6.300 31.40
60.400 6.300 30.10
60.425 6.300 31.20
60.450 6.300 30.80
60.475 6.300 30.80
60.500 6.300 31.20
60.525 6.300 32.40
60.550 6.300 31.20
60.575 6.300 31.50
60.600 6.300 32.00
60.625 6.300 33.80
60.650 6.300 32.60
60.675 6.300 33.50
60.700 6.300 32.70
60.725 6.300 33.90
60.750 6.300 34.60
60.775 6.300 36.70
60.800 6.300 35.30
60.825 6.300 35.90
60.850 6.300 36.60
60.875 6.300 37.30
60.900 6.300 37.70
60.925 6.300 38.60
60.950 6.300 38.50
60.975 6.300 39.70
61.000 6.300 40.50
61.025 6.300 39.70
61.050 6.300 40.90
61.075 6.300 41.40
61.100 6.300 42.20
61.125 6.300 41.80
61.150 6.300 42.30
61.175 6.300 44.20
61.200 6.300 45.20
61.225 6.300 45.60
61.250 6.300 45.40
61.275 6.300 46.90
61.300 6.300 46.90
61.325 6.300 48.30
61.350 6.300 48.50
61.375 6.300 49.30
61.400 6.300 50.00
61.425 6.300 50.50
61.450 6.300 51.40
61.475 6.300 51.50
61.500 6.300 52.70
61.525 6.300 53.00
61.550 6.300 54.20
61.575 6.300 55.30
61.600 6.300 55.60
61.625 6.300 55.90
61.650 6.300 57.20
61.675 6.300 58.00
61.700 6.300 58.30
61.725 6.300 59.20
61.750 6.300 59.90
61.775 5.700 60.50
61.800 5.700 61.00
61.825 5.700 61.40
61.850 5.700 62.30
61.875 5.700 63.00
61.900 5.700 63.40
61.925 5.700 64.80
61.950 5.700 64.30
61.975 5.700 65.50
62.000 5.700 66.10
62.025 5.700 66.90
62.050 5.700 67.40
62.075 5.700 67.60
62.100 5.700 68.50
62.125 5.700 68.40
62.150 5.700 68.80
62.175 5.700 69.70
62.200 5.700 70.20
62.225 5.700 70.30
62.250 5.700 70.80
62.275 5.700 71.70
62.300 5.700 72.50
62.325 5.700 72.40
62.350 5.700 72.30
62.375 5.700 72.80
62.400 5.700 72.90
62.425 5.700 72.90
62.450 5.700 73.30
62.475 5.700 73.80
62.500 5.700 74.60
62.525 5.700 73.80
62.550 5.700 74.40
62.575 5.700 74.30
62.600 5.700 74.80
62.625 5.700 74.70
62.650 5.700 75.00
62.675 5.700 74.60
62.700 5.700 75.40
62.725 5.700 75.00
62.750 5.700 75.10
62.775 5.700 75.20
62.800 5.700 74.90
62.825 5.700 74.40
62.850 5.700 74.80
62.875 5.700 74.40
62.900 5.700 75.20
62.925 5.700 73.80
62.950 5.700 74.60
62.975 5.700 73.90
63.000 5.700 74.40
63.025 5.700 74.20
63.050 5.700 73.40
63.075 5.700 73.50
63.100 5.700 73.40
63.125 5.700 73.20
63.150 5.700 72.80
63.175 5.700 72.10
63.200 5.700 72.50
63.225 5.700 71.50
63.250 5.700 72.40
63.275 5.700 72.10
63.300 5.700 71.50
63.325 5.700 71.60
63.350 5.700 71.30
63.375 5.700 71.10
63.400 5.700 70.00
63.425 5.700 70.70
63.450 5.700 69.30
63.475 5.700 69.90
63.500 5.700 69.20
63.525 5.700 68.90
63.550 5.700 68.90
63.575 5.700 67.70
63.600 5.700 68.30
63.625 5.700 67.30
63.650 5.700 66.60
63.675 5.700 66.50
63.700 5.700 66.10
63.725 5.700 66.40
63.750 5.700 65.60
63.775 5.700 65.30
63.800 5.700 65.60
63.825 5.700 64.80
63.850 5.700 63.60
63.875 5.700 63.60
63.900 5.700 63.30
63.925 5.700 62.80
63.950 5.700 62.70
63.975 5.700 61.80
64.000 5.700 61.50
64.025 5.700 61.10
64.050 5.700 59.90
64.075 5.700 60.70
64.100 5.700 59.70
64.125 5.700 58.90
64.150 5.700 58.50
64.175 5.700 57.60
64.200 5.700 57.70
64.225 5.700 56.10
64.250 5.700 56.40
64.275 5.700 56.10
64.300 5.700 55.00
64.325 5.700 54.90
64.350 5.700 53.80
64.375 5.700 53.30
64.400 5.700 53.00
64.425 5.700 52.20
64.450 5.700 52.20
64.475 5.700 51.40
64.500 5.700 49.10
64.525 5.700 49.60
64.550 5.700 49.00
64.575 5.700 49.00
64.600 5.700 47.70
64.625 5.700 47.40
64.650 5.700 46.70
64.675 5.700 45.90
64.700 5.700 45.00
64.725 5.700 44.80
64.750 5.700 44.00
64.775 5.700 42.60
64.800 5.700 42.20
64.825 5.700 41.40
64.850 5.700 41.60
64.875 5.700 40.70
64.900 5.700 40.40
64.925 6.300 39.30
64.950 6.300 38.90
64.975 6.300 38.20
65.000 6.300 37.50
65.025 6.300 36.80
65.050 6.300 35.20
65.075 6.300 34.80
65.100 6.300 33.50
65.125 6.300 33.70
65.150 6.300 32.80
65.175 6.300 32.30
65.200 6.300 32.40
65.225 6.300 31.40
65.250 6.300 31.80
65.275 6.300 30.10
65.300 6.300 29.90
65.325 6.300 30.30
65.350 6.300 29.20
65.375 6.300 29.90
65.400 6.300 29.30
65.425 6.300 28.70
65.450 6.300 28.90
65.475 6.300 28.20
65.500 6.300 28.20
65.525 6.300 28.00
65.550 6.300 29.20
65.575 6.300 28.50
65.600 6.300 28.40
65.625 6.300 28.30
65.650 6.300 27.80
65.675 6.300 27.70
65.700 6.300 28.80
65.725 6.300 29.60
65.750 6.300 29.80
65.775 6.300 29.20
65.800 6.300 29.60
65.825 6.300 30.30
65.850 6.300 30.10
65.875 6.300 31.00
65.900 6.300 31.00
65.925 6.300 31.60
65.950 6.300 31.10
65.975 6.300 31.10
66.000 6.300 32.20
66.025 6.300 32.50
66.050 6.300 32.40
66.075 6.300 33.30
66.100 6.300 32.50
66.125 6.300 33.50
66.150 6.300 35.00
66.175 6.300 35.40
66.200 6.300 35.50
66.225 6.300 35.80
66.250 6.300 37.60
66.275 6.300 37.30
66.300 6.300 37.70
66.325 6.300 37.90
66.350 6.300 39.60
66.375 6.300 40.00
66.400 6.300 39.90
66.425 6.300 40.10
66.450 6.300 40.70
66.475 6.300 42.60
66.500 6.300 42.50
66.525 6.300 42.20
66.550 6.300 43.60
66.575 6.300 44.40
66.600 6.300 45.00
66.625 6.300 45.80
66.650 6.300 46.70
66.675 6.300 46.50
66.700 6.300 47.50
66.725 6.300 48.70
66.750 6.300 49.00
66.775 6.300 50.10
66.800 6.300 50.70
66.825 6.300 50.40
66.850 6.300 51.90
66.875 6.300 53.00
66.900 6.300 54.00
66.925 6.300 53.90
66.950 6.300 54.70
66.975 6.300 55.90
67.000 6.300 56.20
67.025 6.300 57.50
67.050 6.300 58.20
67.075 6.300 59.70
67.100 6.300 59.70
67.125 5.700 60.20
67.150 5.700 60.70
67.175 5.700 62.70
67.200 5.700 62.90
67.225 5.700 63.20
67.250 5.700 64.10
67.275 5.700 65.10
67.300 5.700 64.80
67.325 5.700 66.50
67.350 5.700 66.90
67.375 5.700 67.40
67.400 5.700 67.90
67.425 5.700 68.30
67.450 5.700 69.50
67.475 5.700 70.20
67.500 5.700 70.70
67.525 5.700 71.40
67.550 5.700 71.60
67.575 5.700 71.60
67.600 5.700 72.60
67.625 5.700 72.80
67.650 5.700 73.30
67.675 5.700 73.20
67.700 5.700 73.40
67.725 5.700 74.10
67.750 5.700 74.10
67.775 5.700 74.00
67.800 5.700 74.30
67.825 5.700 74.50
67.850 5.700 74.70
67.875 5.700 75.30
67.900 5.700 75.20
67.925 5.700 75.30
67.950 5.700 75.20
67.975 5.700 76.20
68.000 5.700 75.70
68.025 5.700 75.30
68.050 5.700 75.80
68.075 5.700 75.80
68.100 5.700 75.60
68.125 5.700 76.00
68.150 5.700 75.50
68.175 5.700 75.60
68.200 5.700 75.30
68.225 5.700 75.50
68.250 5.700 75.10
68.275 5.700 74.70
68.300 5.700 75.10
68.325 5.700 74.40
68.350 5.700 74.80
68.375 5.700 75.00
68.400 5.700 73.80
68.425 5.700 74.40
68.450 5.700 73.60
68.475 5.700 73.50
68.500 5.700 73.70
68.525 5.700 73.30
68.550 5.700 72.50
68.575 5.700 73.10
68.600 5.700 72.70
68.625 5.700 72.30
68.650 5.700 71.70
68.675 5.700 71.80
68.700 5.700 71.40
68.725 5.700 71.40
68.750 5.700 71.50
68.775 5.700 71.00
68.800 5.700 70.00
68.825 5.700 70.40
68.850 5.700 69.00
68.875 5.700 69.50
68.900 5.700 69.50
68.925 5.700 68.90
68.950 5.700 68.50
68.975 5.700 68.10
69.000 5.700 68.00
69.025 5.700 67.80
69.050 5.700 67.50
69.075 5.700 66.90
69.100 5.700 67.10
69.125 5.700 66.20
69.150 5.700 66.60
69.175 5.700 66.40
69.200 5.700 65.20
69.225 5.700 65.00
69.250 5.700 65.00
69.275 5.700 64.70
69.300 5.700 63.80
69.325 5.700 63.40
69.350 5.700 63.40
69.375 5.700 62.90
69.400 5.700 62.80
69.425 5.700 62.10
69.450 5.700 61.90
69.475 5.700 61.60
69.500 5.700 61.30
69.525 5.700 60.80
69.550 5.700 60.50
69.575 5.700 59.50
69.600 5.700 58.80
69.625 5.700 58.60
69.650 5.700 57.90
69.675 5.700 57.70
69.700 5.700 57.50
69.725 5.700 56.50
69.750 5.700 56.30
69.775 5.700 54.80
69.800 5.700 54.70
69.825 5.700 54.20
69.850 5.700 53.70
69.875 5.700 52.40
69.900 5.700 52.70
69.925 5.700 52.00
69.950 5.700 50.30
69.975 5.700 50.30
70.000 5.700 48.80
70.025 5.700 49.50
70.050 5.700 48.20
70.075 5.700 47.90
70.100 5.700 46.40
70.125 5.700 46.10
70.150 5.700 45.70
70.175 5.700 45.30
70.200 5.700 43.80
70.225 5.700 41.90
70.250 5.700 42.70
70.275 5.700 41.60
70.300 5.700 40.50
70.325 5.700 40.60
70.350 5.700 41.00
70.375 6.300 38.90
70.400 6.300 38.20
70.425 6.300 37.20
70.450 6.300 37.60
70.475 6.300 36.20
70.500 6.300 35.20
70.525 6.300 35.30
70.550 6.300 33.30
70.575 6.300 33.20
70.600 6.300 32.90
70.625 6.300 32.80
70.650 6.300 30.70
70.675 6.300 30.40
70.700 6.300 30.00
70.725 6.300 30.20
70.750 6.300 29.70
70.775 6.300 28.50
70.800 6.300 29.10
70.825 6.300 29.10
70.850 6.300 28.50
70.875 6.300 28.20
70.900 6.300 27.40
70.925 6.300 27.10
70.950 6.300 28.00
70.975 6.300 27.70
71.000 6.300 27.70
71.025 6.300 28.30
71.050 6.300 28.50
71.075 6.300 27.80
71.100 6.300 27.90
71.125 6.300 29.10
71.150 6.300 29.30
71.175 6.300 29.00
71.200 6.300 29.10
71.225 6.300 30.00
71.250 6.300 30.00
71.275 6.300 30.30
71.300 6.300 31.00
71.325 6.300 31.20
71.350 6.300 31.20
71.375 6.300 31.50
71.400 6.300 32.10
71.425 6.300 32.50
71.450 6.300 33.70
71.475 6.300 32.80
71.500 6.300 33.00
71.525 6.300 33.30
71.550 6.300 33.20
71.575 6.300 34.00
71.600 6.300 35.30
71.625 6.300 35.50
71.650 6.300 35.40
71.675 6.300 36.10
71.700 6.300 37.70
71.725 6.300 36.80
71.750 6.300 37.20
71.775 6.300 37.10
71.800 6.300 38.20
71.825 6.300 39.50
71.850 6.300 40.10
71.875 6.300 40.30
71.900 6.300 40.40
71.925 6.300 41.00
71.950 6.300 40.60
71.975 6.300 42.40
72.000 6.300 42.00
72.025 6.300 42.70
72.050 6.300 43.70
72.075 6.300 44.00
72.100 6.300 45.60
72.125 6.300 45.60
72.150 6.300 46.60
72.175 6.300 47.50
72.200 6.300 47.80
72.225 6.300 48.50
72.250 6.300 48.40
72.275 6.300 49.40
72.300 6.300 50.00
72.325 6.300 50.20
72.350 6.300 51.40
72.375 6.300 51.90
72.400 6.300 52.40
72.425 6.300 53.30
72.450 6.300 54.80
72.475 6.300 55.30
72.500 6.300 56.40
72.525 6.300 55.70
72.550 6.300 57.20
72.575 6.300 57.70
72.600 6.300 58.30
72.625 6.300 59.40
72.650 5.700 60.30
72.675 5.700 59.90
72.700 5.700 61.00
72.725 5.700 61.60
72.750 5.700 62.90
72.775 5.700 62.90
72.800 5.700 63.20
72.825 5.700 64.20
7